1 th epoch...
Total: 8.324537e+03, Avg: 6.580661e-01, RecoverLoss: 2.993400e-01
Total: 8.313768e+03, Avg: 6.572149e-01, RecoverLoss: 2.974672e-01
